input/dem.txt
ncols         385
nrows         478
xllcorner     1851283.0604196
yllcorner     2299473.8845382
cellsize      150
NODATA_value  -9999
[rows 224 to 251 of 478, columns 252 to 314 of 385]
114.5021 102.2967 90.76001 82.23892 82.23182 74.32788 70.22227 68.71081 67.03828 70.86031 71.56434 70.20866 59.41133 59.90067 81.50371 75.59702 66.27574 64.95073 64.39398 63.96797 61.34772 61.89226 61.54867 50.25491 54.46955 66.38811 76.73421 77.04667 71.14176 69.776 63.88683 66.28279 56.95121 56.95121 60.94279 63.80525 54.54397 55.47437 66.16882 67.5519 66.70121 81.53261 85.23409 80.37978 116.3045 102.3632 85.5099 72.94662 63.09267 60.1873 60.1873 70.90279 66.37669 55.70984 60.48212 57.82455 51.37302 56.41304 55.81391 52.44334 53.2472 51.71397 52.9936
115.7579 104.766 92.50846 85.11636 83.24625 75.74532 73.55815 72.50631 70.89825 71.26176 66.23174 58.32631 58.0483 59.71462 67.93042 77.34338 66.19898 64.38714 63.61223 62.14082 51.6355 51.32491 61.90662 57.45063 49.61291 67.82783 75.35007 76.41987 71.74734 66.76819 63.70214 60.51482 64.7361 61.1694 56.95121 52.74745 52.74745 56.89217 69.11321 68.69346 66.99832 74.5573 79.66273 78.63355 103.698 106.1896 82.80608 75.37761 67.89759 60.84077 60.1873 65.55869 63.44009 56.28652 62.67918 55.85999 51.37302 56.67467 57.00728 52.67822 54.7641 53.83705 53.72806
122.2058 115.4105 96.38718 85.64071 76.02967 73.415 62.33274 61.42206 62.14848 61.73566 60.26345 60.2406 57.44188 57.97492 57.31141 57.9635 64.89098 61.62066 57.438 55.17964 51.58337 51.58913 50.18183 50.39787 49.61291 63.97712 73.16338 75.24775 70.91676 66.50114 64.43977 60.51482 65.29636 63.27309 52.74745 54.69338 63.91445 71.11721 73.99847 75.45563 68.8678 67.31948 67.69843 73.15771 98.06413 97.20219 82.79416 76.63886 69.80204 64.00695 63.68441 62.6152 60.71438 56.28652 61.67179 55.30665 51.37302 57.25313 58.92871 53.08892 54.88421 55.40384 54.42647
134.2616 124.8648 102.3982 87.32047 73.93497 62.38682 61.25148 61.25148 61.25148 61.25148 77.44656 81.1667 64.79035 57.1361 54.9011 55.05669 54.52641 56.44721 55.74733 54.86544 50.29667 49.00731 48.81882 48.63293 49.61484 59.31323 70.70516 71.7942 68.60245 66.46197 63.62229 66.61127 63.98086 53.55104 52.74745 63.56595 83.17319 87.81831 76.28386 83.12598 79.32169 72.27467 69.74646 69.43975 70.73701 82.60646 89.57316 88.39673 70.4862 62.34288 60.62453 62.41138 59.08267 56.57778 64.74931 54.62143 51.37302 61.14658 65.06313 54.37096 56.85173 56.98393 54.83072
141.2402 130.5477 105.9653 87.05598 77.52338 61.25148 62.05577 62.07535 80.02143 82.36476 87.46965 94.61342 68.81118 61.99077 56.18211 54.32824 54.60134 55.47794 54.65137 52.32194 50.67464 51.37598 49.64678 48.63293 48.61132 57.1603 64.70119 69.07381 65.24551 65.09284 63.62229 66.79887 63.13317 52.74745 52.74745 64.45502 77.08895 94.59344 74.81664 85.3856 84.48683 73.6135 69.43975 69.43975 71.29417 93.14732 105.0511 95.08421 68.93421 60.35693 59.32881 57.71874 57.71874 56.95166 69.02544 55.80052 51.37503 63.26443 67.07245 55.09342 58.35263 60.68234 54.91801
148.1985 140.0264 115.6015 88.83779 72.71132 61.53355 68.06341 73.42507 82.19633 89.31117 101.2807 97.74342 68.22163 64.30894 59.36115 56.19765 54.26245 54.48646 54.50596 52.69402 50.89401 54.60881 51.94596 49.46851 48.61132 48.61132 59.38684 61.03903 66.06372 65.46159 64.85044 65.82874 63.2282 52.74745 52.74745 54.54325 69.87317 84.22504 69.56801 83.26179 88.09969 75.14673 69.43975 70.62772 71.8502 99.0753 111.9716 88.70148 72.46137 63.20932 68.23067 60.08515 60.2605 57.84373 64.98239 53.89865 51.37503 62.47066 79.60894 57.62298 57.31396 61.82533 53.98546
129.0075 119.4847 106.3451 87.61648 73.54549 64.03716 70.69656 75.29665 84.84744 104.1931 104.837 84.94838 67.01788 62.7923 58.11795 54.11685 52.4773 52.36499 52.27785 51.48292 50.94905 55.01681 51.89382 50.58478 49.27278 48.61132 50.99424 54.93789 61.97158 62.77643 64.21352 65.08894 65.21359 62.39511 52.74745 52.74745 53.28842 64.49676 64.34322 78.39565 86.37605 77.1533 72.84434 73.80038 79.42338 114.8268 105.5096 92.1124 71.85643 63.20932 69.01057 66.91778 58.43379 58.29677 61.03707 54.04364 52.78552 59.51216 85.04283 59.59576 56.73371 58.66431 54.18199
117.8322 108.8666 102.2924 83.41577 73.50439 64.11623 66.41648 76.5469 84.37557 107.7308 91.02927 86.49863 67.89261 62.68308 56.93576 67.47832 53.54166 52.07959 51.5206 51.29022 52.6844 58.87683 52.41332 50.99389 51.68933 56.91483 48.61132 49.40053 50.18414 50.84823 62.5295 64.15635 64.20824 64.80076 61.10215 57.52858 52.74745 55.99917 59.04613 73.33084 84.40733 77.2864 72.84434 81.94711 101.2951 114.785 96.30809 88.5606 69.47218 63.20932 69.54565 60.14856 63.29674 58.31542 56.10206 57.34902 54.61594 62.59947 84.64355 62.78036 57.06065 56.47447 53.5724
116.151 101.8587 88.78146 79.64302 81.87407 65.11124 66.75217 76.02564 78.65704 94.19337 86.86188 83.75615 68.84916 57.60369 56.93576 70.44495 65.62411 54.07954 53.95097 54.68817 53.65741 64.55535 61.13962 60.6046 60.07644 48.13049 48.13049 48.13049 48.13049 48.13049 58.14799 55.97839 62.90686 63.43565 63.33919 52.74745 52.74745 52.76433 55.85431 65.98772 69.98495 83.10234 80.17749 91.7536 104.654 117.6712 96.29433 87.23664 70.45313 63.20932 73.32867 60.47699 66.9041 60.56091 57.60595 57.67509 54.68993 62.22648 81.73508 69.68979 57.40945 55.11829 55.30427
124.5164 114.4243 94.8254 79.69533 75.58958 66.85707 75.71229 76.89013 78.55293 109.8357 82.66656 76.8511 65.85756 56.93576 67.14268 70.49683 71.38436 59.37732 68.34898 68.94991 68.28783 66.30892 62.95297 62.34713 62.19169 62.188 58.63904 56.65578 48.13049 48.13049 48.36203 49.60432 60.33307 63.23706 60.7085 52.74745 52.74745 65.02734 58.31341 61.63337 73.55148 82.72474 86.40137 96.67848 120.333 119.8806 95.48004 88.58876 68.91561 63.2597 72.05004 62.55985 62.71685 60.89503 58.14682 59.79111 55.10851 60.91173 79.94899 72.68227 57.7824 56.39743 55.76321
139.6501 139.482 113.1741 85.07285 69.5524 67.58054 73.91896 75.979 78.30982 92.54072 82.4652 78.90305 58.10875 69.03357 74.56407 71.48837 68.13769 70.66443 69.7009 67.49359 67.31898 62.71728 61.2008 58.63904 58.63904 58.63904 62.32209 57.51657 48.13049 48.13049 48.13049 53.64383 60.79473 61.31992 59.81013 52.74745 59.05196 74.79643 65.53604 69.50996 76.01777 77.97832 80.00169 97.93262 130.4162 121.8723 90.60739 77.89844 66.92841 65.74653 69.82376 69.73604 60.84841 56.85899 58.91459 60.78 57.06197 56.80936 71.87538 77.80003 59.41276 56.92383 56.44039
144.3192 128.3527 116.7822 97.02199 72.69195 67.94753 70.87043 78.2479 76.18546 90.08292 89.5794 72.30393 58.10875 81.82383 80.20145 73.59463 72.10068 74.31345 76.12308 71.06084 66.59525 67.42068 63.03125 58.63904 62.40977 60.4296 60.77155 59.58239 48.13049 48.13049 48.13049 48.13049 50.01892 53.52275 56.06189 52.74745 61.14094 77.81635 65.53604 70.2154 69.77231 74.325 75.98319 97.79744 133.1929 121.1558 84.59939 70.22281 66.77486 66.00748 70.22617 73.7663 58.82792 55.58476 55.58476 56.6696 55.58476 55.87989 65.46584 73.70184 57.76581 56.89471 57.53639
116.967 97.19951 94.86647 89.49632 80.04543 69.51482 82.93755 89.26202 90.53051 84.38203 81.35372 75.55545 66.53391 88.46234 88.3608 79.87016 76.2282 77.48959 78.43151 74.71955 72.19246 59.98008 58.63904 65.68752 63.90745 61.40107 61.19391 59.84252 58.37009 48.13049 48.13049 48.13049 48.13049 48.13049 48.13049 52.15247 60.44789 74.03893 65.53604 75.22711 86.22395 75.31334 74.325 86.84751 126.982 118.4417 80.61131 66.80356 66.828 66.55484 73.0768 70.95389 60.60841 55.58476 55.58476 55.58476 55.58476 56.15514 57.57662 63.64494 57.45243 56.89471 61.26817
118.8878 91.54412 75.82264 82.09328 74.03482 70.58037 88.40063 92.45071 121.2757 88.39007 86.12613 72.36034 66.53391 89.25879 88.04368 81.51897 80.27561 78.96558 78.19786 76.50608 74.70176 64.64516 59.48138 65.47507 64.23235 63.25309 60.51709 58.21439 59.17141 49.45314 48.13049 49.05955 48.13049 48.13049 48.13049 54.05903 62.28302 80.46433 65.53604 84.9868 96.70143 77.01271 74.325 84.26545 120.5169 114.3087 78.58578 66.80356 66.80356 66.77494 70.90148 68.64732 59.2541 55.58476 55.58476 55.58476 55.58476 56.0626 57.23657 62.2777 58.1665 56.89471 64.01659
105.3285 77.42561 73.70506 72.9951 72.85847 70.58037 93.40406 103.1819 97.55202 89.06635 66.53391 66.53391 66.53391 88.29044 84.94549 85.32607 82.05311 80.16288 78.5722 77.75296 79.6075 66.80325 64.38206 63.66786 64.09595 64.17747 60.40002 58.13838 58.13838 52.2061 58.75837 50.75012 48.13049 48.13049 48.13049 50.70052 64.53974 86.35365 78.49101 89.60769 109.6862 78.3013 74.325 79.72615 111.9424 103.9202 75.62457 67.59658 66.80356 73.2829 69.39025 71.17924 62.43396 55.58476 55.58476 55.58476 55.58476 55.99289 57.20414 59.66187 58.5289 56.89471 64.50841
87.71194 76.67544 74.00492 75.61636 75.85892 91.62325 113.8347 125.6533 93.73927 88.83059 71.25196 66.53391 66.53391 86.61235 85.09937 85.51746 85.55489 81.82233 78.48963 78.33933 72.11004 66.52201 64.01386 63.30092 63.41798 63.93848 64.0177 59.94569 58.89817 57.87377 54.13831 51.35236 49.66356 48.54308 48.13049 48.13049 61.9258 80.94416 74.27882 85.31757 102.7675 82.02135 76.51446 97.61175 103.7608 99.36209 76.41794 66.80356 73.29671 75.3755 69.39025 72.10134 65.26672 55.58476 55.58476 55.58476 55.58476 55.58476 56.00563 56.92744 57.04325 57.23718 61.92601
87.49547 76.38608 84.80588 94.94742 98.36168 104.9323 171.9752 142.1129 88.81146 71.6228 69.15099 66.53391 66.53391 74.00456 88.13673 84.95272 86.38312 85.35197 75.42465 80.51752 82.46122 69.88457 64.21102 63.02051 62.77811 63.51689 63.7747 60.76163 59.52095 58.58561 58.59544 58.22025 50.08243 48.13049 48.13049 48.13049 58.38238 65.14723 66.23941 75.1925 85.33397 80.94138 76.74265 125.5585 104.0881 85.60311 71.66583 70.55833 75.44135 74.92904 69.39025 74.31216 63.87049 55.58476 55.58476 55.58476 55.58476 55.92611 55.29685 54.79619 55.59427 56.42469 56.82816
83.98246 78.68461 107.8784 105.1533 105.3908 111.4669 155.7579 132.7496 86.60639 66.53391 73.74717 66.53391 66.53391 88.4495 83.81126 81.07378 84.31375 81.07378 74.24804 69.44807 68.02288 64.41202 63.52017 62.69285 62.26167 62.50035 62.00008 60.75389 59.4888 58.4698 57.92948 56.43044 50.48232 49.06137 48.13049 48.13049 54.85979 59.42636 62.9537 66.19073 70.37931 72.53066 81.97567 111.712 102.9711 85.90306 69.68173 69.68173 69.68173 75.47653 69.39025 74.97752 63.46942 56.52472 55.58476 56.18532 56.40526 56.68864 55.11032 54.79619 54.88753 55.5906 55.95431
89.76202 111.3971 130.0544 126.8079 110.1186 103.0944 100.5066 92.2716 79.94867 84.68394 66.53391 66.53391 87.29871 87.30501 81.07378 81.07378 81.07378 83.71841 81.70232 74.13134 70.04048 64.03622 62.54792 61.78203 61.31129 60.76725 61.44305 60.80844 58.94987 57.66523 54.65259 50.48232 57.67513 55.71946 49.95108 48.13049 48.13049 58.06295 57.37086 61.68026 61.68026 61.68026 85.6962 112.6847 101.5128 85.02949 69.68173 69.68173 69.68173 75.06304 69.96295 75.7084 63.18157 59.11896 58.46415 58.38568 59.39277 58.6551 55.17624 54.38061 54.80112 55.45642 56.02666
103.3567 122.0008 149.4374 156.1243 112.1862 102.7036 90.82648 90.82648 89.55276 88.70721 66.53391 82.32301 89.10382 86.89011 81.07378 81.07378 81.07378 84.37305 81.32214 79.99642 75.63914 64.85892 61.78643 60.95175 60.58208 59.28637 60.21938 59.69192 57.3149 51.53118 51.39206 58.77625 58.2442 51.53839 48.13049 48.13049 48.13049 48.13049 55.96803 66.66363 61.68026 68.8379 84.29851 115.1251 98.11669 82.31978 69.68173 69.68173 69.68173 74.37047 69.85933 72.29674 62.0276 59.56503 58.66364 59.68954 60.51426 59.45983 56.06229 54.18611 54.76107 55.27257 56.42536
114.7683 134.5875 183.4241 184.8815 119.8108 101.6306 92.18524 90.82648 89.31374 88.89017 66.53391 76.30424 88.40852 87.3413 81.07378 85.03088 81.64333 81.07378 82.11568 83.15163 72.67844 67.58842 61.60511 59.70053 61.52537 62.63872 58.54428 54.48883 53.72391 59.44194 58.83757 58.57999 56.53006 48.13049 48.13049 48.13049 48.13049 48.13049 52.38001 67.41091 61.85641 65.43283 81.51427 124.7086 100.1362 84.3821 69.68173 69.68173 69.68173 79.55664 70.16537 69.16862 60.85544 58.49277 58.88412 60.45549 60.80157 56.8842 57.59832 53.53907 52.23564 54.9032 55.78321
128.653 140.5656 159.0662 134.7994 108.0908 100.8331 95.90791 94.25182 88.85271 85.55085 66.53391 66.53391 73.82394 85.24745 85.8576 86.03395 85.55824 85.34627 81.15712 80.18733 74.98165 66.54001 60.66499 59.67386 62.00402 56.86943 59.76291 58.74667 58.61693 59.527 59.50635 59.19874 48.13049 48.13049 48.13049 48.13049 48.13049 48.13049 50.1186 60.8444 53.29689 68.41776 74.44659 120.156 94.34349 79.06444 69.68173 69.68173 69.68173 81.60163 85.36369 67.22585 56.67572 54.71958 54.71958 59.4502 61.10704 59.2524 59.99575 52.64619 51.48179 54.0905 54.36551
135.9297 138.1728 138.0656 118.5789 102.1575 102.1669 98.48356 95.7623 94.38947 88.01492 66.53391 66.53391 78.56835 86.24908 86.08196 86.62069 86.69272 85.29743 83.06998 81.92433 79.30168 67.88721 53.80732 53.38596 53.38596 53.38596 51.595 52.62756 58.38128 58.83466 58.80627 58.62398 48.13049 48.13049 48.13049 48.13049 48.13049 48.13049 49.16268 50.89607 50.89607 57.81884 69.82757 110.1822 94.03044 76.81242 69.68173 69.68173 70.71176 76.60263 85.91476 64.54529 61.94505 54.71958 55.18079 59.41629 61.66795 63.37975 60.39388 58.24622 51.42087 54.75253 53.78965
117.9587 128.793 112.6173 101.2661 97.64885 97.29222 97.76545 99.33218 97.50343 70.84113 66.53391 66.77756 78.96074 85.15089 80.86282 84.96122 86.66819 85.69212 82.79465 78.66104 82.21213 72.08073 54.7774 54.90388 56.08565 57.32577 54.63267 51.595 57.53112 57.19978 57.72249 56.01277 52.68118 48.13049 48.13049 48.13049 48.13049 48.13049 53.04085 54.83058 53.97377 55.48595 63.91054 102.3389 92.79155 73.51712 71.72517 73.62859 69.68173 71.88235 81.2981 63.10289 60.73098 54.71958 54.71958 53.36076 61.11878 56.86289 61.14589 60.75827 51.96492 50.77387 53.85604
100.1562 103.1336 97.536 98.53909 98.90137 97.44718 93.61407 87.03318 76.73217 84.01858 80.01503 67.68915 84.32972 83.74745 80.47895 80.18263 86.29364 86.29967 86.0732 82.88937 71.84613 64.67526 60.35983 57.62091 60.10685 62.74928 59.45584 48.4118 52.10526 55.17991 55.71593 52.43806 48.5636 48.13049 48.13049 48.13049 48.13049 48.13049 48.13049 48.13049 48.13049 55.60899 59.71659 100.4565 84.54626 67.69521 72.4937 74.2669 65.58318 64.34472 72.31313 63.35889 59.57304 58.29072 60.21092 51.59464 56.63998 53.87743 57.79964 59.32071 51.3926 49.21671 52.47902
100.5543 100.1562 94.79681 90.89149 92.30392 95.70904 91.47846 81.81874 76.73217 70.57318 68.92601 75.03502 84.35852 83.70165 82.81177 82.38029 78.01423 77.20824 78.49482 73.05502 69.99254 73.10785 69.3874 61.50008 62.87273 65.1388 62.39509 51.61713 48.13049 51.03751 51.77699 50.48466 48.13049 48.13049 48.13049 48.13049 48.82677 56.60745 58.22147 51.41074 48.13049 57.04342 56.91402 106.5512 88.61646 67.44132 65.91515 72.72952 65.03616 61.15501 69.41416 62.69669 57.70438 58.48893 58.19782 51.45453 52.4038 51.99941 53.54768 55.13774 51.00533 49.21671 49.67154
103.3066 97.68135 87.68034 88.41594 87.68034 87.68034 87.68034 86.18199 71.71552 92.49542 86.05834 78.68617 88.44897 82.81177 87.32578 83.37212 78.66719 76.74812 75.60291 80.56531 73.17444 74.85571 71.4096 67.66775 64.49579 63.03328 57.18841 48.53745 48.13049 48.13049 48.13049 48.13049 48.13049 48.13049 48.13049 51.19904 57.54127 67.18897 62.65018 57.76125 48.13049 48.13049 53.89085 110.0818 87.58411 60.48428 65.56127 69.40778 61.74203 58.79461 63.59504 67.06946 60.29279 52.58667 51.28793 50.77803 50.45226 50.45226 50.45226 51.92322 51.07824 50.00255 49.21671
98.56339 88.8507 87.68034 87.68034 87.68034 87.68034 97.71272 94.55281 93.43138 94.00687 85.83064 83.45538 88.16808 88.70835 87.30256 83.88644 76.74812 85.68201 82.0179 82.8215 86.24041 78.81374 68.94933 63.86732 61.44625 57.03666 52.83261 49.13784 48.13049 48.13049 48.13049 48.13049 48.13049 48.13049 48.13049 56.13913 65.76208 70.32232 68.06936 62.497 48.87484 57.41947 48.13049 111.3771 81.61529 57.85476 61.99728 66.00595 58.04015 55.96048 65.55912 57.42489 56.36832 54.37589 52.43071 52.25185 51.71302 52.18818 52.24396 47.7398 46.98978 46.98978 46.81404
