input/dem.txt
ncols         385
nrows         478
xllcorner     1851283.0604196
yllcorner     2299473.8845382
cellsize      150
NODATA_value  -9999
[rows 448 to 475 of 478, columns 315 to 377 of 385]
86.94395 91.63918 93.04251 74.82294 57.72853 61.46671 67.85542 75.47329 70.43025 70.85284 73.06902 69.09918 61.48005 55.47737 54.04155 41.24089 38.25187 32.22824 33.44123 40.53517 34.88069 36.20885 27.14235 18.64542 17.98215 17.77509 17.12427 15.6237 14.59905 16.54095 19.51946 19.75191 17.30478 14.01776 12.15919 12.41955 13.83059 15.03911 14.99252 18.31194 27.65202 28.33919 30.30158 42.71764 58.42905 29.28654 18.23575 20.47819 23.82272 30.94743 12.2385 11.90273 8.691477 8.66353 12.82404 24.80358 22.17854 18.48798 13.3871 20.2702 38.89817 33.00946 45.46318
93.45504 95.13734 90.11104 72.24921 57.90385 66.828 75.71578 76.03836 76.49076 77.85815 86.62888 74.69231 63.48329 57.94345 57.17305 40.45723 39.45245 32.89492 35.8791 35.65624 34.19241 37.85344 29.27724 19.98345 17.96154 17.72319 16.48215 12.23502 13.81966 18.38781 19.80228 19.03115 18.4264 15.18375 12.15919 12.15919 13.26634 14.54333 14.80107 27.81287 30.02845 29.64884 36.70779 46.19667 55.02231 23.87104 18.23575 19.96249 24.35937 23.82022 11.06574 10.48904 8.948299 8.66353 14.93204 19.16046 12.27298 10.60093 11.80884 18.8014 32.16312 35.31755 39.38766
108.0485 106.8789 99.83699 61.83956 57.90385 76.8671 75.42758 74.92434 82.09356 85.71919 105.2281 89.11271 66.71683 59.37996 56.39262 43.12501 39.46494 33.57515 39.26688 39.91185 33.89794 37.72536 32.50113 19.96511 15.87918 15.49247 14.65565 12.23502 12.23502 17.84829 20.05897 13.98741 15.37836 12.23502 12.15919 12.15919 12.84957 15.03308 14.75869 29.43295 30.10095 33.7964 43.37329 46.14707 44.12156 18.23575 18.23575 18.23575 19.62331 16.70424 15.17144 12.44753 11.2312 8.66353 9.896298 15.29165 8.088048 9.118016 11.3439 19.85385 25.33145 33.75734 36.87421
117.1048 120.7384 116.6257 61.16419 57.98151 63.36953 63.84625 71.09404 82.94608 81.62507 106.9029 88.35497 64.56708 59.73848 57.95379 48.64002 37.33298 35.14249 37.43581 40.1048 33.89794 35.11714 28.8108 22.47083 14.78709 14.70501 13.84143 13.95718 15.05382 12.23502 12.23502 12.30748 12.23502 12.62565 13.27646 12.15919 12.57667 15.63218 17.69882 22.72049 24.00801 38.77016 43.86235 55.56329 35.31229 18.23575 18.23575 18.23575 19.33415 15.17144 16.19847 11.74582 17.18058 9.127562 8.66353 10.27095 7.990059 7.748442 15.58014 30.26264 18.12024 25.95606 33.82626
130.8804 129.2233 125.7152 71.23331 60.49167 59.00229 58.66851 60.75246 77.46767 78.70104 94.95959 72.62733 59.83767 58.05093 58.15994 51.5438 44.26731 37.31734 39.49318 37.73484 30.89218 28.71748 19.68914 16.9488 16.73724 14.26911 13.56556 12.28495 13.35687 12.42074 12.23502 12.23502 12.23502 14.01482 12.15919 12.15919 15.10726 15.4758 14.17832 18.22542 23.53811 41.1355 44.98782 50.19065 29.64462 18.23575 18.23575 20.79682 18.23575 15.17144 16.35086 13.68419 22.36917 17.2333 8.725989 8.479402 7.949408 7.631791 8.618739 31.56979 16.2713 21.74593 31.21159
136.0731 130.6582 108.9646 69.58397 62.52512 59.74994 58.3884 58.3258 66.254 73.26649 83.97426 67.76006 58.85258 58.05093 59.49299 54.26888 44.23748 40.46682 39.73575 35.86974 30.31611 26.4937 19.7349 20.60756 17.32386 14.31291 13.4309 12.28495 12.74919 12.23502 12.23502 12.23502 12.23502 12.35666 12.15919 12.15919 12.15919 13.04942 14.27149 17.01869 26.19947 35.3023 43.33653 48.35493 25.52282 18.23575 18.23575 18.72801 17.77302 15.96157 16.78386 14.07341 24.93117 19.44102 10.31471 8.668489 7.422038 7.408089 8.481567 27.95303 16.2713 19.69541 31.60025
130.1843 120.9751 106.071 71.81966 63.29015 62.4257 59.7987 58.27135 56.2362 57.71671 63.91175 63.7113 58.05849 58.05093 56.98492 59.57189 44.48548 36.62243 36.62243 34.57394 26.36099 20.60901 20.65766 22.17241 19.55584 14.4767 14.00593 12.56551 12.28495 12.23502 12.23502 12.23502 12.23502 12.45037 13.27974 14.35783 12.8551 14.0233 20.03227 17.41582 24.6892 44.38939 45.4352 39.9116 19.96619 18.23575 18.23575 20.8942 23.24173 22.04758 20.88029 15.90656 27.30484 20.79581 17.98296 11.18788 7.408089 7.408089 7.408089 19.22012 11.28681 16.60271 29.03471
131.3035 136.0619 117.824 79.38371 66.61015 65.77332 62.84481 57.39122 55.91486 55.32729 55.24944 60.10857 62.8282 60.95293 64.12215 58.119 40.60037 36.62243 40.9902 34.93493 35.52952 34.53495 29.79749 23.84999 18.95077 17.71778 14.46105 13.44904 12.47081 12.23502 12.23502 12.98408 12.99071 14.84162 15.58918 14.89751 13.69123 17.53852 24.93827 19.17416 28.27693 41.56886 44.2928 39.56745 18.23575 18.23575 18.23575 20.49261 28.59675 25.70432 25.12152 18.13934 25.73717 23.87888 19.94143 18.34445 7.408089 8.983225 8.960585 7.408089 8.838897 8.838897 24.0671
137.7311 140.4759 108.5426 82.61939 69.43668 65.75262 64.21519 56.2164 56.98873 57.73182 54.91118 54.91118 61.35839 61.27441 63.74084 60.61826 37.62542 36.62243 42.31679 38.13061 35.16569 39.77773 44.51486 27.00297 19.72121 20.09192 15.01997 13.5274 13.36202 12.70026 12.2607 15.19871 17.42619 19.50484 17.66692 14.69366 18.51267 24.55669 28.93829 19.5747 25.69451 38.4068 41.20665 32.80384 18.23575 18.23575 18.23575 18.36778 30.42718 28.62907 28.45908 23.24959 24.06497 23.29213 20.57008 20.6563 10.37791 7.189895 8.872389 7.408089 8.839004 9.830983 22.60236
144.2264 139.3161 116.2809 90.46657 76.60012 66.20454 58.35297 56.2164 61.15272 61.43167 54.91118 54.91118 59.4052 63.62814 58.8698 54.93063 36.62243 38.35184 46.13699 42.44296 38.06574 41.18629 47.9385 26.0689 19.22373 18.14289 15.70636 14.71039 14.44961 13.96076 12.99562 14.54217 18.23159 20.26664 18.73134 16.70398 20.84518 30.0826 33.70654 20.46229 24.68771 35.54248 35.01183 31.28978 18.23575 18.23575 18.23575 18.23575 29.15878 27.53852 29.80169 24.61939 24.30625 23.73048 21.8684 23.89419 10.56675 7.189895 12.61107 13.75608 9.473579 8.839004 19.21517
142.9853 136.0384 117.8731 89.17596 81.49063 68.14723 57.74607 57.02506 64.18533 64.29747 55.12728 54.91118 62.29416 73.34808 57.11987 50.01984 36.62243 49.07874 53.92657 49.19148 40.01722 42.65452 45.43497 25.02783 20.51376 16.66033 15.8535 15.81073 18.52579 14.85059 13.72787 13.81823 15.60141 17.55014 19.67493 17.06927 22.4087 34.32035 37.9268 24.33266 26.3236 32.06647 43.26931 21.26417 18.23575 18.23575 18.23575 18.23575 24.15514 27.31563 31.22161 25.89374 29.14077 24.4877 24.95627 22.08519 7.189895 7.368063 25.87254 29.23663 11.93279 14.15768 20.07668
139.9356 141.5455 112.4377 86.68594 84.35794 73.93753 58.17294 57.02506 66.00903 61.84684 54.91118 54.91118 58.88789 67.23577 53.99544 45.35795 41.25615 56.12446 58.69085 52.32806 45.70745 45.18878 47.77344 22.60197 17.68525 16.99288 17.75702 16.48105 33.04759 15.28978 14.62303 14.28154 14.44574 16.16118 17.57026 17.77372 24.22605 41.02352 42.91924 32.2622 24.33266 29.2775 37.86877 18.23575 18.23575 18.23575 18.23575 19.29407 30.95213 29.02799 36.92685 29.52853 31.85367 22.36099 21.50309 20.64033 7.010806 7.208766 35.79271 29.99135 14.36599 37.27406 37.24747
153.2022 140.0358 109.8678 92.9413 104.4417 78.31044 66.15965 57.02506 58.73664 60.9411 54.91118 54.91118 70.44374 59.86594 53.10477 41.25615 51.60026 64.25877 66.28979 60.69359 47.85027 47.48317 47.97778 23.5978 17.84749 23.6426 19.00721 16.73828 40.93187 18.95354 15.9264 15.24855 14.51743 15.56172 17.80515 18.51243 29.86893 44.70863 47.86549 33.0528 26.18597 31.21294 34.61857 18.23575 18.23575 18.23575 18.23575 22.42204 38.55273 36.67611 38.02076 40.20274 38.20728 25.67948 18.15976 19.6627 7.010806 11.18232 33.15331 19.12316 13.14618 16.0358 14.71279
143.4898 140.982 109.7809 103.9024 114.8771 101.0669 69.26592 67.19328 59.30437 59.87916 54.91118 54.91118 70.9214 56.84853 49.329 41.25615 59.2187 68.4718 67.69866 58.7001 50.87024 47.48317 46.64987 23.89806 20.08766 23.51437 17.28732 18.72621 39.65247 18.43586 16.67574 14.82556 14.51743 17.96059 19.78158 18.91401 34.65076 45.88181 48.89943 34.66565 31.82218 43.5408 32.7305 18.23575 18.23575 18.23575 18.23575 28.41706 48.90681 47.10329 39.29361 38.02076 42.92429 25.32799 17.23746 15.18481 7.010806 8.24594 24.68849 11.71583 8.174875 10.17239 16.05354
144.3406 136.529 112.6561 121.9932 127.0642 116.046 70.0483 67.84947 68.26208 65.49232 54.91118 54.91118 59.28346 55.21362 44.31702 54.61035 67.31252 75.20839 69.45709 61.64164 55.4664 55.40871 44.44327 29.48 20.72872 29.79216 23.94072 23.03292 38.82518 20.70986 18.0708 15.4424 14.51743 17.67305 18.85242 25.73337 34.70538 47.78449 48.36139 36.90699 36.50116 44.53736 30.0249 18.23575 18.23575 18.23575 18.23575 30.29132 54.6015 60.4863 41.83468 39.18733 40.76688 21.41874 17.3774 15.66819 6.690488 7.357919 11.5682 12.92607 8.573765 6.029872 15.93112
153.0528 138.1282 132.5522 130.1238 136.5273 120.1803 61.67572 66.22626 60.96077 64.45767 56.23491 63.2049 54.91118 50.70149 51.75996 60.28326 68.51606 79.68782 80.98025 65.08788 53.90907 45.68488 41.71057 36.00953 31.09801 30.59655 24.85072 24.84082 30.12703 34.17462 17.73798 14.96428 14.67707 16.95991 19.66946 35.6316 39.59048 46.00618 47.95643 38.70329 40.2627 41.04326 24.53616 18.23575 18.23575 18.23575 18.71235 33.59852 51.77096 61.97194 42.97478 40.64381 43.55828 23.45689 18.70599 14.86387 6.385561 6.029872 8.151397 9.553501 8.880533 6.029872 8.143528
154.0824 154.6305 149.3822 144.5045 133.6996 96.51521 57.82401 57.35135 56.85714 54.33863 52.111 52.111 52.111 54.58537 58.43903 63.83357 77.22253 89.35447 104.0247 69.10683 61.36116 45.00773 31.2968 31.09801 38.04577 29.91109 35.17119 29.23381 28.13132 25.70891 19.53728 20.60115 14.67707 17.65902 22.27945 42.758 42.08032 49.94307 46.48399 40.88371 51.77295 42.27543 32.86144 21.40782 18.23575 18.52707 23.47389 32.30051 48.00902 58.85665 46.32311 42.26714 41.45043 20.35607 24.57161 21.6533 10.564 6.029872 6.029872 6.029872 6.029872 6.029872 6.029872
164.3943 161.9743 153.2648 146.6136 142.6213 68.34595 57.52114 56.56048 58.38824 52.111 52.111 54.50975 60.27626 59.77636 61.88813 70.19861 83.2651 93.81957 110.2553 73.52233 63.67457 42.33487 35.61985 32.12829 36.95109 33.5028 39.17969 37.32285 30.25668 28.95532 19.525 17.60382 18.84982 17.02675 21.58694 45.04233 46.90599 50.12048 46.90002 44.4999 51.46368 42.86832 29.6511 24.55806 19.66985 21.37526 40.53635 32.92514 46.10794 56.06421 46.15466 43.5958 39.19294 20.952 27.52834 24.79489 12.34392 6.877029 6.029872 6.029872 6.029872 6.029872 8.411202
170.3047 166.0664 150.6516 152.35 93.18766 58.99976 56.38905 56.38905 55.41278 52.28898 52.111 53.39902 63.05333 66.86903 69.15701 73.25077 83.22818 94.28669 113.9432 70.1229 60.5712 45.74799 32.12829 38.17307 44.48247 37.38057 43.63301 42.90977 30.27042 20.48128 19.53694 20.95988 21.68946 17.65092 24.31642 37.18122 43.66065 45.31953 44.09432 45.56294 46.39737 44.13682 37.44226 26.38523 22.77146 23.47471 29.92941 39.60489 42.60281 51.32436 47.25975 46.98545 35.06556 22.3458 26.65495 28.34568 20.14546 10.42156 6.029872 6.029872 6.029872 6.192629 12.53732
169.5536 158.4525 147.5596 143.5955 78.28674 60.55365 56.405 56.405 55.09744 53.21468 52.47242 53.22135 54.09168 62.1874 66.9656 78.07185 81.12225 95.86561 98.0535 66.85156 60.05322 35.05017 33.17422 41.58447 47.30254 42.07234 48.08435 49.56896 36.23966 23.87508 19.93237 29.57655 26.03427 20.91362 30.35251 34.52523 42.81626 42.3912 42.35968 45.13115 46.08456 61.09853 41.82259 25.03232 27.22435 39.65507 31.87383 43.55983 44.81279 49.07769 50.3549 48.34193 40.18793 22.35641 28.84078 38.47855 28.01191 19.60272 7.563186 6.029872 10.09394 15.82482 14.55868
166.2399 158.3528 142.1062 94.86452 70.30056 56.74288 56.46295 56.6789 57.46408 54.24234 52.74306 53.17815 58.02468 64.53703 69.42374 75.20583 77.9738 87.52153 69.70354 63.96024 52.8767 39.8452 33.96767 59.24339 55.47892 51.7562 52.08246 50.50001 46.09135 28.62578 26.53167 32.65966 30.0795 20.91362 28.01187 35.37161 33.59784 38.57065 39.69716 44.39724 49.30893 50.02983 45.23143 27.32637 32.83081 44.85426 37.44548 47.95012 47.37119 51.12004 57.94606 44.46014 42.77166 23.45862 29.89961 42.81044 38.98412 31.62893 17.98012 6.029872 11.9152 12.44628 15.29903
181.3413 172.5439 132.759 75.9875 63.69272 56.82286 57.5027 60.33144 60.34562 54.27145 53.22631 53.01835 58.84396 63.46868 74.43867 74.22569 73.27198 74.17436 70.7422 70.71733 61.44663 36.28608 44.67706 56.11853 53.03051 56.35979 57.63082 47.02467 42.46659 32.76114 30.23928 33.32862 36.39363 27.54555 20.91362 29.59558 34.00115 40.53126 44.64545 49.11338 48.55706 58.26437 49.24803 40.80103 43.13411 46.56712 37.78784 48.93786 48.74613 57.16058 64.73151 42.23038 43.33928 25.20926 29.76683 44.1384 45.29409 36.1568 23.41598 6.914347 17.52549 11.2515 13.67645
193.2422 157.5779 89.07436 73.79334 66.7005 60.58854 60.7787 65.47937 60.69405 54.19311 54.03535 53.53714 57.58027 66.98962 75.21046 71.24488 68.95092 67.84908 70.47091 64.8859 48.43167 37.70303 46.21381 64.81404 58.33878 61.36478 65.79955 57.21709 45.91478 39.52701 30.23928 32.60095 36.2214 27.54571 26.35055 31.06627 35.40589 41.74221 47.15545 49.43785 48.96691 51.16271 50.12188 46.74227 52.11863 48.16718 38.66627 48.49475 50.24152 63.83128 73.73424 42.87616 41.64814 25.20926 28.65814 43.85846 47.21139 36.73208 27.64609 7.581013 14.473 11.2515 11.889
156.3063 120.2716 84.37559 73.45509 60.58854 60.58854 63.43967 72.70966 60.71673 56.20518 54.53994 55.60896 55.90872 64.21455 74.85268 68.99055 66.31769 63.62151 64.03703 60.81379 41.68508 37.70303 41.36522 67.89962 64.28185 67.13212 68.16052 57.17953 59.36825 30.23928 33.4767 36.71187 38.60537 29.43625 31.80587 30.23879 37.3175 45.31403 49.95831 52.03044 51.94992 50.99121 57.98201 57.84751 58.77714 48.47498 38.66627 49.06743 52.53339 63.5615 73.70172 42.98642 41.7099 25.20926 25.74679 40.15033 44.45539 34.29436 22.39348 7.887703 10.66022 10.86931 11.89029
109.7023 90.60403 75.02962 63.47017 60.58854 60.58854 76.19523 68.20943 60.14041 61.03049 54.53994 54.53994 54.53994 65.38021 75.13565 68.03136 66.28578 68.39451 63.62151 61.674 44.89866 37.70303 42.94778 44.54398 62.87346 75.20467 72.93275 58.23826 58.51363 30.23928 34.45399 46.37995 51.56745 34.46782 31.54843 30.23879 40.09615 49.29158 52.8396 55.84676 58.61995 58.32381 58.31082 69.71855 59.12686 44.52948 51.86147 51.5252 51.40416 65.9148 72.717 46.86572 40.26503 25.20926 25.20926 38.38305 42.99204 31.68766 27.61204 10.0634 14.34042 14.13524 13.03369
98.38212 91.81434 70.76495 78.26716 60.65137 60.58854 72.35379 62.5639 63.34185 60.86382 55.08224 54.58357 54.53994 63.15494 69.87846 61.96587 65.56795 70.25084 69.35867 58.36714 52.73325 37.70303 48.2557 55.47532 62.99109 81.92043 65.87527 51.3732 34.64932 30.80724 43.74759 48.4531 47.26707 36.27599 33.28213 38.9475 42.08961 52.54611 55.82652 51.03521 57.3339 57.36669 64.73784 81.65038 66.39492 50.53311 48.29665 49.69656 50.70351 59.24945 66.64478 48.61083 47.19447 26.22383 26.75187 34.81191 41.18213 32.49137 33.88044 13.43938 18.5005 25.16374 19.11537
94.85664 81.87881 89.53245 79.46232 60.58854 60.58854 60.58854 60.58854 62.33761 61.07089 56.92233 54.53994 54.53994 64.00805 61.39249 61.39249 67.50179 71.87878 66.13912 63.93828 46.29702 46.26121 49.90539 61.39478 66.20937 86.49886 62.9966 57.17743 41.66921 30.80724 50.78802 43.74759 47.19592 36.20939 35.42697 47.59794 51.93681 52.36897 48.94096 52.46047 55.43642 58.68395 91.14526 81.25415 64.96844 50.87418 48.4496 51.66223 55.27586 59.96022 60.16714 55.67264 43.78014 28.44466 30.82916 35.37919 39.33912 32.49137 35.96899 14.60824 18.98025 24.88716 24.34066
89.12982 92.25963 95.42355 80.7152 60.58854 65.95787 60.58854 60.83019 61.94106 63.96417 60.45527 54.53994 54.53994 59.96446 61.52171 67.43179 75.06989 75.65172 64.2172 53.58734 46.26121 46.26121 50.74091 61.49527 63.34602 77.89793 66.962 57.72086 41.37477 32.36853 46.00848 51.37029 51.33292 40.67107 43.55069 50.24086 54.45331 52.00468 47.63251 54.47606 57.03339 73.15971 96.06522 82.81394 65.2591 53.284 48.98582 54.46674 64.0984 55.27586 57.54582 57.91541 41.52148 34.67995 34.27146 38.68768 38.3202 33.44241 36.63829 21.8344 14.77298 24.52068 25.26706
