input/dem.txt
ncols         385
nrows         478
xllcorner     1851283.0604196
yllcorner     2299473.8845382
cellsize      150
NODATA_value  -9999
[rows 140 to 167 of 478, columns 63 to 125 of 385]
428.6536 418.0043 410.483 383.0908 379.3422 379.4311 377.4732 340.0243 315.5255 326.7525 380.9726 433.2152 475.956 453.0014 430.48 432.8928 446.9322 444.0477 425.3131 409.8055 406.3983 393.0104 385.3035 350.4969 334.2537 351.1644 359.6096 367.6839 377.833 382.0531 358.2353 318.5779 316.8067 366.5449 406.6879 426.8913 437.9978 430.5698 414.6029 429.3142 420.5168 415.9887 416.6787 450.8638 469.3622 460.5416 463.826 481.154 489.7238 468.9969 456.3757 446.368 435.3707 434.9257 434.9257 434.9257 434.9257 435.2151 442.165 438.3124 436.6727 438.0461 434.4523
421.2953 411.3725 400.9451 391.5788 388.7392 381.8611 377.1231 348.1789 314.2374 322.4866 373.3045 423.7135 467.3511 438.6688 421.5119 414.9016 424.0715 438.5778 433.4442 414.3488 397.5147 398.8312 382.9156 342.3339 331.2571 342.8181 344.5924 355.7388 347.3789 344.716 316.8067 316.8067 331.1376 382.3637 411.4631 428.549 441.5466 438.9703 430.2624 433.3526 429.5518 418.9897 424.8869 462.4234 461.0122 448.8071 469.4391 494.6439 478.4952 468.1641 459.613 436.4211 434.9257 434.9257 434.9257 434.9257 434.9257 434.9257 434.9257 432.5031 423.3919 426.1435 428.5412
408.632 414.9602 403.4193 394.8937 393.6446 387.4494 373.6543 343.7806 312.7617 312.7878 360.4004 414.9817 407.824 413.7907 403.3445 409.4893 424.4065 439.7486 438.2441 403.8545 387.8412 381.2802 375.6962 361.86 331.2571 331.9075 323.494 330.8649 326.4857 297.0271 318.4839 359.9949 379.5801 400.799 424.8167 433.369 438.6419 437.3173 442.1762 432.6187 424.174 418.9897 439.1472 467.1757 447.9629 441.4047 459.1166 473.9764 469.4165 463.2485 458.106 435.4485 434.9257 434.9257 434.9257 435.2673 447.7094 447.6738 453.8657 445.9531 436.3593 423.3919 422.2767
405.4108 400.5468 401.432 397.8287 396.8261 390.1919 376.9842 348.8886 314.5004 304.2964 342.7847 377.4707 382.6193 399.5912 392.7895 406.7412 425.6602 440.079 441.6514 397.1599 386.544 374.8912 362.3041 361.6183 350.2019 329.4096 314.299 313.9181 296.3851 312.9085 343.1122 381.5449 389.0161 407.7803 436.08 448.593 439.7984 441.0582 454.696 431.9122 419.9178 422.5158 449.4888 465.193 443.8593 438.0313 444.1754 450.5452 459.6391 458.4578 444.6635 436.9999 434.9257 434.9257 434.9257 446.0909 457.651 460.2381 463.923 457.8837 450.1122 431.3594 412.1689
395.8951 395.6793 396.7713 401.1482 405.3952 392.3979 371.9771 346.3718 321.6195 300.6436 319.1742 337.8055 359.5344 389.728 390.7195 411.4475 433.2187 448.9829 420.7452 398.9371 385.2578 374.4636 359.6959 348.9597 347.2984 340.1111 308.2569 292.7623 302.7286 329.9259 362.7167 374.787 392.2738 416.7028 431.5345 438.2402 434.9499 436.7313 442.621 427.0417 422.1802 430.9138 451.4102 453.0253 444.5671 441.009 435.318 435.3096 435.3786 436.2261 438.9159 434.9257 434.9257 434.9257 436.1827 453.7144 471.2586 479.7545 474.028 459.9631 450.3317 435.5211 416.6482
380.9658 376.5263 378.1913 397.6759 408.2978 399.6144 386.5021 356.4633 329.878 308.5224 300.6436 320.715 341.2553 353.3867 382.4451 406.5298 431.8809 458.1232 411.9221 394.1755 384.3121 360.6513 347.2553 342.7502 341.311 359.3235 324.2215 288.4806 289.4817 319.2913 368.4715 392.5922 381.6812 406.9659 399.8822 417.8399 429.1081 422.9573 420.9262 424.9637 420.9091 428.5077 450.4917 457.0505 441.9963 443.8224 435.3096 435.3096 435.3096 434.9257 434.9257 434.9257 434.9257 434.9257 446.6504 462.5887 475.4549 481.9088 469.2153 456.5819 444.8029 435.8695 423.6649
353.6048 360.3597 369.7151 370.8497 415.9244 378.4462 381.9425 363.5888 338.3832 312.4322 296.5208 297.0013 327.815 335.5192 342.9127 392.1758 425.4596 466.588 414.9058 380.4344 374.3708 355.5101 337.8486 331.5971 322.5028 332.2955 334.0117 295.6542 283.4629 312.3167 369.3067 407.1735 401.081 375.5473 379.8658 387.4529 405.8236 411.2426 412.7265 416.4684 417.0032 420.3555 447.9518 449.946 439.6115 435.379 446.5622 449.4308 438.8763 435.1246 434.9257 434.9257 434.9257 437.7463 455.4099 465.3112 466.2657 469.5108 463.2072 454.8374 438.7383 431.8106 424.2357
340.6187 349.5513 351.0664 357.1815 365.2553 376.9043 385.0602 373.8832 347.2352 321.4268 302.4807 292.6121 304.3389 323.43 334.7447 377.1743 407.7566 464.1454 421.5523 393.799 370.6291 347.8818 333.966 327.9687 328.1091 321.3173 319.7904 285.2436 283.2128 329.2569 386.6194 393.3846 377.0611 368.9738 381.0936 396.9556 409.6265 415.6798 410.99 410.99 411.885 410.99 420.485 434.8395 438.4358 436.0308 445.4962 449.8106 443.9108 435.8788 434.9257 434.9257 435.5842 440.1641 452.254 464.086 460.7238 455.1696 457.7969 448.8267 441.3703 429.4244 422.291
335.8422 333.1508 341.5226 337.1584 344.6931 375.8932 396.325 397.9439 356.433 334.8996 303.8705 291.674 300.5498 312.171 320.075 351.2788 370.273 429.6346 411.3244 399.4881 366.2871 353.0862 346.0887 352.7584 361.4438 321.8707 314.5104 279.5677 278.0244 316.3619 390.3997 370.137 349.0175 366.1198 397.0149 420.448 428.9979 418.9865 410.99 410.99 410.99 410.99 413.3707 419.6426 436.2991 432.2262 439.0266 445.9693 448.059 441.8628 438.5507 440.5643 448.0119 453.8667 452.8361 450.022 447.7623 444.5974 446.2571 446.1163 444.3335 439.1756 428.7092
363.7358 332.2981 327.9562 328.9205 340.0204 361.532 387.5146 383.8382 361.8268 358.0452 307.7505 295.4639 291.3857 301.9826 318.51 324.6004 347.9495 369.4525 390.3336 384.8257 363.4372 355.4475 359.8303 377.3604 391.7457 340.2538 320.577 274.9071 278.1709 304.2363 346.6382 357.2469 336.7484 378.0276 405.2536 435.0906 429.9792 412.581 410.99 410.99 410.99 412.8347 426.2142 433.0477 431.5625 431.5445 431.6752 443.0783 447.7614 446.0599 450.9618 454.0077 455.5666 457.2968 462.4467 455.7166 447.4911 444.1701 444.1701 444.0975 444.0975 441.7913 430.8939
393.2855 358.1757 328.6475 323.6273 323.4118 334.8603 351.0187 349.3474 349.0907 356.5244 325.1167 293.7294 291.0437 293.4648 312.9117 312.6805 327.8283 336.554 337.9143 360.1775 362.0045 359.6385 369.8205 398.6936 415.6291 395.4431 369.6461 276.1592 274.8895 282.4738 302.5768 312.1684 337.3439 379.7511 414.4436 458.0838 425.5933 410.9914 410.99 412.435 410.99 411.1507 429.497 438.4238 435.5664 431.5445 432.6141 435.4224 441.469 445.5729 447.4614 461.791 462.6701 464.5384 467.5974 466.0666 456.131 447.8145 446.5997 448.7206 447.6079 438.6863 432.9137
411.2192 386.3605 357.9626 329.2381 322.4292 322.4292 326.9382 323.82 324.6308 334.5744 323.7159 300.6795 291.0437 291.0437 304.7535 311.899 316.7763 328.0801 328.9358 334.7465 349.8523 352.2458 368.9792 382.8372 408.9293 417.0229 401.416 298.3616 271.0974 271.4842 300.8895 336.0501 353.4105 384.7194 400.5114 422.9507 413.6885 410.99 410.99 410.99 410.99 410.99 425.3413 433.408 434.2085 431.6578 430.5172 435.9581 446.6737 446.4699 447.825 461.0286 466.5729 467.686 468.7924 470.0035 459.7107 451.7446 446.304 453.691 451.881 435.7969 429.187
431.791 411.8352 396.7323 375.1827 363.93 342.2375 322.4292 313.1884 313.1884 313.1884 314.1219 305.6426 299.5828 291.0437 291.0437 294.4126 309.0493 326.2313 326.5857 322.919 327.818 331.1577 346.4709 377.2304 392.3401 395.3013 356.4684 298.356 270.3495 278.3896 317.55 355.1967 369.3439 380.7265 405.6358 421.0048 417.066 415.6017 412.9765 410.99 410.99 410.99 412.152 415.051 425.1726 431.6807 428.8674 429.1183 438.5445 446.4261 443.8315 450.9077 460.0814 470.788 470.3459 475.1472 460.2257 450.2405 446.0192 454.0996 459.1395 438.3983 428.2375
446.1469 427.1532 412.05 402.4 397.1028 383.3905 359.9166 324.8741 313.1884 315.4774 313.1884 293.944 307.8411 299.8836 299.3092 273.6359 291.5778 302.5194 313.078 319.0179 316.6451 321.3732 323.7222 348.1569 377.3078 373.3847 333.3745 273.5053 270.0335 293.6801 339.6862 363.3649 376.5087 396.3625 416.863 426.6944 411.4206 402.8928 415.2594 410.99 419.3529 425.073 411.6868 411.6868 416.8132 421.8052 422.3655 427.6982 441.9059 443.8315 444.7668 448.0576 457.6432 468.9547 475.9658 474.6306 456.7389 450.4656 446.0192 452.6152 460.2965 444.0198 428.2375
448.8098 437.9663 426.2459 416.1342 416.7843 414.2796 396.5516 374.2844 346.103 327.7987 317.6021 299.3415 287.051 285.2984 280.7641 277.5172 272.2715 275.6108 280.8925 290.4864 293.5431 299.8171 307.1622 314.0673 354.1259 357.0567 315.621 283.0045 270.0335 312.2987 359.8648 385.796 389.9501 416.2006 423.1662 439.8026 421.251 400.8574 401.8017 414.7045 426.6472 428.8088 422.7072 413.4152 413.424 413.424 420.6513 434.416 451.1838 449.4448 445.9198 443.7948 451.3467 463.8513 472.8184 468.7894 450.6491 449.3997 445.0062 450.2647 466.8996 451.2076 430.921
449.2588 439.5586 428.5994 422.0808 425.4468 430.4466 425.4953 401.714 382.3743 356.0337 333.3441 310.015 295.4544 287.2996 281.6259 276.5767 270.9268 267.2028 266.093 273.9177 277.8114 292.4389 292.2928 304.201 321.9921 345.7166 309.5455 280.024 270.0335 301.8543 360.0016 349.9818 365.7559 373.2059 421.6896 446.2245 428.607 399.1314 406.7272 415.318 429.4214 437.8041 440.4743 422.8719 419.2301 416.412 424.0578 441.4031 458.3253 457.2139 450.7742 443.7948 446.4009 454.9466 447.2955 455.786 440.4619 446.6258 441.5024 447.3589 466.6532 448.7998 432.7379
446.0531 443.2049 428.7486 419.4351 423.4061 439.1115 446.7793 435.8824 421.3611 404.5771 367.179 339.7905 320.6961 311.5449 292.3696 278.8652 275.297 277.4004 269.9133 263.175 266.1389 264.401 280.631 280.8611 296.3398 328.2796 317.463 278.1858 260.7495 288.3757 309.1995 308.9987 338.2066 368.5709 390.8734 409.4981 409.983 399.0216 408.0949 413.8112 426.418 440.3735 456.8473 441.7087 437.1982 428.5531 429.3582 444.6556 459.4322 458.2362 450.9133 440.5375 434.2162 432.1061 420.8766 427.6201 428.414 428.7597 426.0514 450.6995 461.7762 439.1567 436.2091
438.8755 440.3939 435.7692 419.9959 415.4139 426.7755 444.9556 457.4944 440.235 424.0988 397.7946 371.4698 349.5857 346.3635 308.2032 289.9357 282.5219 287.2068 284.8347 268.0002 260.8141 259.3272 259.3272 268.5042 270.9534 305.3508 310.6857 271.7737 258.4352 265.9443 278.7457 324.6244 351.7068 380.7575 397.781 394.7142 388.6429 391.4304 406.9474 408.9987 417.0457 431.6127 445.2578 448.3099 441.1845 434.8598 430.6321 437.7607 444.6287 447.1912 441.1704 430.2637 420.6449 416.9498 411.7789 416.6451 416.5912 419.9643 420.7668 446.576 446.6562 434.9265 437.3951
436.6947 433.7435 435.0128 425.7598 416.7394 415.4139 439.4233 441.9966 439.8398 418.2975 401.8445 386.9101 374.7172 369.8813 317.0534 302.1309 293.4794 295.8066 288.3233 267.7223 272.227 272.8483 259.4212 254.725 256.1714 278.7624 295.9492 264.2306 264.4358 254.1698 269.7199 325.959 361.6712 390.3972 398.0398 388.2349 385.7874 387.1185 400.1855 404.1746 417.3455 420.8336 428.2514 438.7954 437.5179 434.9468 427.5774 428.8231 431.7849 436.5447 430.4744 424.1366 411.9675 403.4925 411.9628 414.6054 403.3378 399.576 415.0699 429.3073 436.9594 427.4986 435.6726
431.0289 429.1595 429.4972 428.2932 421.0403 407.1706 411.8181 425.0193 429.2303 421.1402 407.5776 392.639 367.8933 350.8704 322.9122 314.1914 307.2026 304.4515 297.4366 278.1892 293.6463 293.8944 269.3131 253.2157 254.4546 255.8401 269.876 257.5621 255.4509 251.2963 258.8231 317.3272 360.1931 403.9871 390.0329 383.5772 388.6725 386.9743 384.5629 406.2739 414.5908 415.6349 423.3714 426.2972 433.9851 437.2186 432.0691 416.067 424.2763 424.9777 421.1378 414.8908 403.4609 405.0663 416.5158 407.0877 399.5046 392.4783 405.7055 417.9136 420.6723 413.3302 430.3233
421.5826 421.5826 418.5272 417.4952 420.4929 413.0014 398.0369 403.8296 411.5373 418.3788 417.6566 391.1064 358.7216 332.147 322.9727 315.1309 321.4412 330.7352 316.9147 297.5803 292.2138 298.5104 283.4683 260.3089 251.1846 250.3973 249.7561 252.6151 251.8173 250.0629 259.7586 282.0022 336.2175 381.3749 385.69 381.6787 387.6322 389.8815 381.9958 393.3849 409.1761 414.1062 410.6421 420.4148 436.5037 437.3752 429.8523 407.7966 404.8013 408.4342 407.7324 401.8244 412.2535 416.1331 421.1994 404.8668 390.173 388.5859 397.8467 411.2704 405.2047 403.1226 415.5518
438.8624 428.4193 411.4048 405.3979 401.8733 397.0705 398.0529 398.8274 392.1805 385.7488 393.5615 380.1855 347.2499 329.2305 316.1003 328.51 343.6627 357.0812 355.404 347.5681 323.2476 309.7224 298.3045 273.2703 254.6894 250.1965 248.676 251.9001 255.278 246.7934 256.6349 265.7273 302.8511 367.0859 380.6393 378.7267 383.175 393.6095 386.5821 379.5809 403.2854 418.8145 424.0056 408.9844 408.2365 412.7904 406.4084 394.38 389.9149 396.5223 396.5223 401.0831 403.477 415.1768 420.823 404.2917 388.985 378.0085 396.2047 406.0274 398.1834 393.5187 403.1758
455.8913 441.4361 427.7091 413.1072 403.0693 406.6218 397.0705 383.1528 383.8735 395.7643 386.0869 358.0613 330.9502 322.9001 326.2835 345.9677 362.7973 382.6086 400.5249 401.5385 370.1555 329.9486 311.9942 293.4727 277.8338 255.4891 246.7 248.7456 256.877 255.3787 245.3219 253.3132 268.7296 350.5115 369.5795 366.7861 386.1943 386.7775 387.9029 368.2168 387.9145 404.7192 403.6815 391.9062 379.4907 387.8986 378.675 378.675 401.6976 412.1726 400.8478 399.2179 409.2464 413.6093 410.4605 399.9431 384.247 369.933 381.7997 395.4241 390.2352 389.177 395.7321
479.7109 454.5181 437.1006 420.247 411.4046 418.6278 414.9664 397.3354 374.4871 376.7465 388.4643 350.0909 328.6358 323.3422 348.2502 380.2155 394.3562 400.7726 428.911 422.5491 415.8067 334.4622 320.2177 307.0654 287.1129 259.1768 253.0188 246.7 250.2031 262.8626 255.3683 245.3219 258.2024 342.3704 365.7737 357.5445 389.809 394.5739 391.8542 384.1966 358.4904 364.6075 377.5494 367.4228 368.2311 368.2311 385.604 397.9387 404.2025 407.0238 407.1255 407.4243 407.6668 416.4024 425.9595 416.2352 379.015 364.9079 360.8514 377.4861 380.5912 377.5325 392.6763
471.3177 464.5981 448.2276 430.8857 419.752 408.5844 407.9038 406.5884 388.609 355.9981 343.3818 336.7977 328.752 325.0396 367.9626 415.426 428.8703 424.8675 441.7704 410.7744 396.0099 364.5297 340.4345 319.6248 299.4631 277.9009 260.8397 247.264 246.7 267.0371 260.1051 241.0068 242.0246 290.9864 312.836 357.3891 397.1788 403.0111 410.7672 400.1639 373.2183 351.7021 340.9237 363.8926 384.1502 392.5336 408.6435 421.7034 419.9145 414.0637 408.5364 414.0362 415.3083 426.4863 441.7978 440.0285 418.2162 374.7804 352.7661 349.3416 370.2553 366.7391 388.7328
458.6877 462.032 456.2832 439.39 428.6402 417.907 407.9042 400.1447 397.4291 394.2159 355.3316 335.822 330.8441 331.9009 357.1674 397.0783 430.2799 464.606 452.7623 411.2155 397.8905 384.6463 368.4679 329.753 316.179 308.1523 290.2341 262.9261 252.663 246.7 242.0366 237.537 236.9411 242.8824 255.3656 309.6886 383.16 397.9695 416.2061 409.5422 389.3073 381.2901 328.7633 374.0644 419.6265 436.0231 456.5514 454.778 444.1047 432.2664 425.613 425.25 429.6603 432.4821 435.4247 450.7767 428.9297 398.5477 354.5227 344.6426 344.4611 358.6259 385.6618
446.1423 452.6786 453.8998 445.8927 441.5972 430.3416 412.4297 397.4867 386.7935 377.3715 361.0916 340.7263 336.0708 348.0771 359.234 386.9257 417.4666 471.5321 480.8375 444.2953 395.1039 384.5112 369.1559 335.7376 349.1039 339.7137 322.6557 311.2544 302.2515 288.9332 261.9743 238.3361 235.7263 239.593 248.9184 256.9006 304.2196 377.1952 402.1509 390.0856 375.4755 378.1968 322.5269 377.9615 429.4251 443.0485 462.155 460.0664 452.2593 448.1233 441.1744 435.3698 433.158 432.7658 432.7021 441.3945 424.3904 386.6389 355.879 343.2034 337.1565 346.0291 383.3795
435.9981 445.6092 453.9189 446.5322 443.7628 436.765 409.414 399.4262 390.6494 371.391 358.0739 347.8164 347.2887 362.758 361.7565 386.0379 414.2239 449.6625 475.7122 452.4188 408.1861 382.1878 363.4787 335.7376 356.0119 360.3392 329.5368 325.2859 329.3688 321.9327 306.8113 244.2234 234.8585 237.9831 238.8428 251.8754 282.5069 305.6082 310.9756 328.4209 354.3767 367.7289 322.5269 364.9158 423.0913 432.1054 443.7756 452.0022 447.9023 447.8277 445.1457 441.024 438.0694 433.2793 429.6627 435.0332 420.1466 392.3785 360.73 349.4255 334.9943 346.9218 378.7919
