input/dem.txt
ncols         385
nrows         478
xllcorner     1851283.0604196
yllcorner     2299473.8845382
cellsize      150
NODATA_value  -9999
[rows 112 to 139 of 478, columns 315 to 377 of 385]
50.4463 60.83011 61.8181 62.478 62.08732 61.54464 60.8469 52.81261 51.71035 49.63752 48.90835 48.08864 44.81278 43.63709 42.55284 40.86388 36.73729 39.50756 38.1387 36.26694 34.53803 26.15994 26.09644 27.13695 27.36079 27.18379 26.77407 26.38942 26.56301 26.54011 26.6402 24.07987 22.45105 17.71177 17.42778 17.16611 16.38382 15.12526 14.64946 14.64946 16.31045 34.51896 37.51825 43.64727 46.05264 48.66262 49.91243 50.96189 50.90311 51.30892 51.33512 51.61423 51.93764 53.77898 58.10561 54.50049 54.43386 53.79757 54.57174 56.95649 62.71286 58.16695 55.23822
40.62516 53.42745 61.70023 62.58908 61.78154 61.22345 59.95576 60.75766 59.63852 55.13646 48.18073 45.13966 43.46674 42.95651 42.26186 40.8914 39.33448 36.73729 36.47584 30.77639 30.77639 26.41799 25.49169 26.43575 27.07878 26.78526 26.38001 25.99726 26.0971 26.14383 26.35116 22.12597 16.92573 17.57655 18.06092 18.11642 18.50323 14.64946 14.64946 14.69044 15.47508 17.40409 31.23632 32.97038 39.96443 48.58247 49.3542 49.6753 49.83314 50.43062 51.1213 52.28839 54.57153 53.68797 54.98333 58.5813 53.58035 58.53311 64.81593 62.91593 55.23822 55.23822 55.23822
49.65439 53.02822 61.58821 62.35214 61.64313 60.87381 59.95576 62.94924 61.76885 59.32875 51.26482 46.45808 43.8388 42.21378 41.18512 40.21424 39.85793 38.78297 37.12611 37.37919 31.35143 27.83751 25.49169 26.99284 27.25119 26.85515 26.09015 25.59266 26.22465 26.57595 24.49293 16.92573 16.92573 18.13514 18.07 18.07 18.13227 14.64946 14.64946 15.05241 15.57865 16.2338 34.89598 38.08482 43.71251 48.9659 48.87653 48.89115 48.73016 49.61345 50.1839 51.90767 53.81822 54.08801 53.76847 53.58035 53.58035 54.57563 54.36106 57.00731 55.23822 55.23822 55.23822
54.93605 61.74058 62.47777 61.95343 60.96248 59.95576 59.95576 62.61267 61.83606 60.74261 57.99923 48.85899 44.47226 43.3032 42.7345 40.51757 38.3899 37.48884 37.09375 37.22733 34.90176 29.27067 27.1529 25.49169 26.71689 26.19813 25.59991 24.73947 25.83847 24.4271 16.92573 17.52135 18.07593 18.07003 18.07 18.07 14.64946 14.64946 14.64946 15.11905 16.22841 17.76419 33.82463 39.41204 44.06025 45.83275 45.90432 48.52596 51.47914 50.0494 48.59038 50.13074 51.05803 53.04963 53.58035 56.851 61.35748 54.36106 60.90116 68.43337 55.94156 55.23822 55.85742
48.78672 61.97784 62.18306 61.99209 61.13078 60.75405 61.52651 62.23403 62.09835 61.32185 57.78378 52.41252 44.89707 44.81153 42.25398 41.57649 39.74379 39.2796 37.08424 35.82637 29.98672 29.9437 26.3559 24.2045 24.3337 25.5246 25.19028 24.25125 24.10166 16.92573 17.08937 18.01072 17.83716 18.0386 18.0099 18.08263 14.64946 14.64946 14.64946 15.3399 16.15637 17.58288 33.76931 32.5158 38.91943 42.84254 42.84254 42.84254 45.39109 45.39109 47.15615 48.38044 48.38044 51.79195 52.06517 55.20786 53.61281 56.79921 54.15571 54.16219 53.86412 54.02085 54.51532
52.37651 61.06924 62.13294 62.30712 61.88363 61.82823 62.24665 62.20229 61.95372 61.87908 60.13403 56.95035 45.11695 44.70772 42.346 40.8415 39.08838 38.33185 37.5253 36.62348 34.39724 32.27114 26.86952 24.2045 24.51472 24.88395 24.75408 24.28237 24.28942 16.92573 18.11174 17.49547 17.37873 17.49996 18.07 17.34874 14.64946 14.64946 14.64946 15.46403 16.11521 17.27788 29.75079 37.37508 39.50122 44.8576 45.61805 46.02346 46.51777 48.54961 49.22368 49.39641 49.16946 50.4361 50.89972 51.44607 51.95345 54.85544 57.14668 53.8936 52.63966 52.26437 51.60388
63.20554 56.23178 61.78327 62.44909 62.25772 62.05957 62.15704 61.98247 61.75819 53.92564 54.22279 58.20568 46.61125 45.05919 43.61751 42.99438 40.08216 39.01425 36.77031 34.14368 33.1798 32.8993 30.338 24.50077 24.04346 24.52954 24.42628 24.16855 16.92573 17.50311 17.91505 16.95329 16.835 17.74045 17.85952 16.15481 14.64946 14.64946 14.64946 15.50318 16.15522 17.14962 17.9985 36.79361 42.92858 45.73403 45.73403 48.08358 49.01859 49.24702 49.51599 49.79517 49.981 50.47615 50.75178 51.26614 51.49566 54.81126 55.30264 53.88165 51.41628 50.38817 49.87284
64.90408 62.08944 60.82759 62.29555 62.13161 61.6386 61.53099 61.38889 61.38605 59.52689 51.86574 49.40405 50.37907 48.94414 43.92025 42.67881 40.43458 39.01097 36.07968 34.08401 33.19786 33.78046 32.82983 28.16005 23.99365 24.27236 24.16 25.26355 16.92573 18.1507 17.23954 16.08493 15.99009 17.77904 18.10154 14.64946 14.64946 14.64946 14.64946 15.74439 16.17731 16.93021 17.60015 36.62999 41.70053 46.09734 45.73403 48.56804 49.09581 49.50991 49.81777 49.82935 49.91096 50.6002 51.35747 54.22656 51.56082 52.31886 51.93893 52.83752 51.37846 49.00674 48.9034
68.32014 62.62426 61.4158 61.79784 61.56709 60.6198 60.03768 59.10515 61.48828 61.32499 59.51709 52.35558 44.97953 43.89736 41.83301 40.86135 39.06262 41.98571 38.4503 37.04127 35.22672 34.76075 36.62473 38.49191 23.31287 24.01491 24.1749 31.52817 16.92573 18.21161 16.58163 17.37095 15.72072 17.82207 18.67616 14.64946 14.64946 14.64946 14.64946 16.43311 15.94615 15.99748 17.86468 31.76653 37.34626 45.62182 46.0093 47.62811 49.02538 49.92013 50.52847 49.15807 49.1456 49.99757 50.47953 50.6182 50.82499 51.12769 51.41798 51.38556 49.79931 51.73344 45.81668
66.06844 63.20567 61.77859 60.71141 60.32663 60.41571 52.89739 57.76536 60.16764 59.6384 57.42294 56.86091 49.17392 40.2495 39.60608 39.12311 42.73911 42.94693 38.96566 36.97612 35.17262 34.76075 36.73436 39.22762 24.30041 23.26546 24.17373 26.73516 16.92573 17.99579 15.70712 15.70712 15.72072 18.10155 16.65261 14.64946 14.64946 14.64946 14.92914 15.36871 15.45795 15.37648 15.3421 27.38813 36.89181 37.47046 41.72041 45.44931 48.79435 48.86592 46.48938 50.23381 48.61518 49.26188 49.6256 50.52767 50.81546 50.2578 50.81494 55.81719 46.97549 46.32839 39.83149
63.63326 62.82554 61.23125 59.05412 58.56104 59.0189 58.00471 52.89739 58.91994 58.43902 52.5882 45.69161 39.25535 39.12311 39.12311 39.7324 42.65841 41.94674 38.77836 37.26706 35.99357 35.48069 34.97611 40.17591 25.64654 22.24831 22.24831 26.15521 21.23285 16.92573 17.31022 15.70712 16.37858 18.23482 15.85499 14.64946 14.64946 14.64946 15.0595 15.25771 15.12804 15.23127 15.8716 26.54837 36.42789 41.81277 43.88895 43.02517 43.02517 45.91484 45.92816 46.52872 47.83515 48.5913 48.64427 51.12395 56.39407 48.52248 48.20141 51.9814 43.24512 39.40403 39.40403
63.10288 62.63861 61.83897 54.64773 52.79319 52.79319 57.97033 52.79319 55.60987 54.86817 46.58016 42.18732 44.88905 44.60746 44.06893 42.9006 42.48062 42.27999 38.98779 36.90747 38.08135 44.17979 34.90434 35.17212 28.83451 22.42884 22.97423 22.08351 24.38311 15.48845 15.48845 15.48845 15.78039 18.11583 14.64946 14.64946 14.64946 14.64946 15.17507 15.23724 15.17979 15.02 15.02 17.44112 35.03344 40.88643 48.84141 47.96614 47.52382 47.99311 48.52889 48.57645 48.33975 50.38643 51.70916 46.69027 43.5062 48.97149 48.22558 43.49902 39.40403 43.33752 45.18414
62.11106 61.88895 61.71365 61.49699 60.75739 54.74498 52.79319 53.11535 52.79319 52.79319 58.53586 58.92188 55.38924 52.411 45.21847 42.31715 41.79934 40.26368 38.72512 36.90747 38.27742 40.92114 34.65387 31.39458 27.55844 24.60118 33.98159 21.27829 21.45399 23.70724 27.70308 16.29379 15.48845 14.97594 14.64946 14.64946 14.71659 14.67229 15.16047 15.13208 15.02 15.02 15.02 16.9421 32.48975 36.36201 49.06417 48.64618 47.46746 48.28004 48.65341 48.87873 49.25793 47.96824 46.75706 45.52179 43.5062 45.06018 45.29294 39.40403 42.70313 43.07465 45.40765
61.12988 61.02168 61.16023 61.02007 61.20565 60.54028 59.0831 54.84083 52.79319 52.97339 58.08977 58.93126 58.66765 55.42385 45.77154 42.62485 41.34501 39.58759 41.10447 39.40329 37.17028 37.37655 33.34686 30.81695 27.9338 32.58733 39.17894 27.02568 21.11581 23.51007 30.35721 17.35421 16.2747 15.22358 14.64946 14.64946 14.7223 15.04318 15.07295 15.05639 15.02 15.02 15.02 16.01927 30.77314 34.24475 45.23324 47.196 45.95465 46.31025 46.11354 47.51037 47.14897 45.35195 43.23184 41.934 41.9816 42.47039 41.34212 38.97522 41.21944 44.93541 47.01433
60.56106 60.04492 60.77579 60.36833 59.99638 58.85654 52.79319 52.79319 54.7069 58.93941 58.6299 58.42046 57.94383 51.82179 46.64355 42.84856 41.5988 40.19534 42.48695 40.31889 36.85825 36.14651 32.56196 31.1691 30.2933 33.3606 36.05198 31.16933 20.38391 23.31626 27.05459 17.56873 16.36827 14.73335 14.64946 14.64946 14.64946 15.05074 15.03822 15.02 15.02 15.02 15.02 15.4082 21.1332 32.4635 39.58681 46.24738 42.83599 45.72659 41.95745 48.20581 48.60229 42.35231 37.79428 40.24424 37.86937 32.05196 38.97522 38.97522 41.98246 41.21944 46.68431
59.31663 58.30367 59.19738 57.99678 57.88537 57.88537 52.79319 58.76498 59.25334 59.42996 58.7058 55.01529 51.72137 51.72137 49.60699 49.69448 43.80702 42.1702 41.84945 38.80947 36.60347 34.11728 32.43689 30.40633 30.80848 32.52707 35.4059 28.82243 19.89974 23.14836 24.50386 17.47721 17.09545 15.03229 14.70199 14.64946 14.64946 15.03142 15.02 15.02 15.02 15.02 15.02 15.02 19.07936 34.50243 40.05261 44.56948 41.72411 39.21006 39.47835 43.54361 40.04134 36.88398 34.49036 36.32991 31.02383 43.12981 43.47282 38.97522 42.34552 45.34101 46.04283
57.87048 57.07145 57.34519 57.93795 58.39447 58.54639 58.51013 57.71593 59.41858 59.50708 58.98331 58.84435 54.96983 58.19275 57.13942 55.59373 54.81367 51.40169 41.37295 39.22357 35.4299 33.35924 32.10732 30.76958 30.48623 31.81936 31.60982 26.33021 19.1604 23.14775 25.46544 17.24604 16.33757 14.71289 14.39959 14.62453 14.6776 15.02 15.02 15.02417 15.02 15.02 15.02 15.02 15.55369 36.04203 39.08879 42.33916 38.36483 40.38621 44.84008 42.39082 29.14664 31.02383 31.02383 31.02383 38.13953 40.33341 42.7309 42.87883 44.8278 47.03667 48.40165
56.48535 55.70347 56.54525 57.58761 58.16081 58.72883 59.79433 60.29777 59.90009 59.93464 60.28204 58.68498 56.2609 56.48657 55.84956 53.04749 52.35926 52.75593 39.38034 39.6056 35.88559 33.23302 31.88985 30.62958 30.61366 30.43711 29.70579 26.60286 18.66022 21.32024 21.96042 16.62646 15.35956 14.90104 14.17032 14.27264 14.65528 15.02 15.02 15.03 15.0265 15.02 15.02 15.02 15.02589 29.7933 40.40289 40.39125 35.37291 35.37291 43.94531 33.02701 26.48985 32.10591 32.73036 39.34176 36.67666 40.06293 43.74982 45.79792 47.82389 47.13532 48.55948
54.6861 54.78008 55.6985 56.83007 57.33919 57.59285 59.7836 60.74199 59.79139 59.37617 60.54167 56.43086 55.06507 54.76098 54.77446 46.83063 41.40981 45.68983 37.83519 39.46957 35.40739 32.89445 31.7022 30.67063 30.09391 29.24709 28.62912 26.11487 18.66022 20.24079 20.02997 15.35041 15.57922 14.60579 14.17032 14.23647 14.57328 15.02 15.02 15.02545 15.02 15.02 15.02 15.02 15.0592 18.17068 40.27676 40.83663 35.37291 35.47233 33.28806 30.16859 26.63738 26.48985 35.6464 43.92392 43.69197 44.01844 45.52579 46.57589 47.17772 47.98641 49.28117
53.84077 53.91196 56.6834 57.03827 57.48689 58.31303 58.80333 60.60728 59.2656 58.63518 57.22878 52.8933 45.64092 45.93634 48.08261 42.40067 40.56517 39.72398 36.76193 33.35625 31.97114 30.49886 30.49886 30.67916 27.10112 23.22424 22.42007 23.77228 18.66022 18.66022 17.28118 15.03136 15.10382 14.8739 14.0948 14.24799 14.67214 15.02 15.02 15.03 15.02 15.02 15.02 15.02 15.22139 15.71376 20.04759 43.08265 36.86762 36.71541 36.22421 22.22917 24.95712 34.75343 39.91207 39.40341 43.36871 44.73975 46.50139 47.71762 48.20732 48.86674 49.7585
52.97139 53.27499 57.55003 61.00013 57.54543 57.45358 56.83846 57.19925 57.6086 57.48366 56.71709 53.23339 45.58825 42.40284 42.40284 42.59589 41.82829 40.25557 37.97557 38.34882 34.40758 32.28423 31.36668 30.45008 29.04004 28.11399 26.73521 18.66022 18.66022 18.74685 17.06455 15.70101 15.02 15.07013 14.0948 14.14538 14.5997 14.99531 15.02 15.02 15.02 15.02 15.02 15.02 15.02 15.02 27.02254 39.22146 37.05242 35.8134 33.1591 22.22917 36.18202 27.62468 31.78765 43.31011 44.84139 46.12368 47.77687 48.53295 51.19826 53.86949 58.09895
52.93885 52.93885 57.69427 75.50919 56.57817 55.30511 55.44983 55.80924 56.37939 56.44351 56.15112 54.74866 55.61172 53.14335 48.43322 45.5916 42.62253 40.69622 37.39518 35.25477 33.21877 32.05896 31.37718 30.74293 30.08004 28.40003 27.13968 25.04774 25.27662 19.65897 15.65121 15.007 15.0923 15.0501 14.0948 14.0948 14.36115 14.84134 14.8866 15.02946 15.02 15.02 15.02 15.02 15.02959 15.03436 22.21716 36.55293 36.02333 21.23736 20.3371 36.32589 35.85699 33.229 40.42822 32.91383 43.05353 46.10828 47.2486 48.91253 48.05688 48.2623 51.04388
52.93885 52.93885 60.8722 78.14745 58.07259 53.32099 53.8729 54.72409 55.30466 55.59671 55.35423 55.55254 55.83521 55.6881 54.40341 51.53388 46.96395 41.83348 38.10144 34.86158 33.57291 31.73247 30.97912 30.49902 29.08008 28.03611 27.35745 25.76681 23.66637 18.4341 20.78939 17.14076 15.007 15.02086 14.0948 14.0948 14.28469 14.92866 15.05833 15.02 15.02 15.02 15.02 15.02 15.02 15.16866 15.02 34.19265 24.81851 20.3371 25.04092 20.48634 30.66415 39.201 38.86468 39.21893 35.02383 45.55189 46.37964 47.15302 47.56836 48.38685 53.98198
52.93885 52.93885 54.43343 72.63351 57.59188 53.24586 50.2934 51.56317 53.79167 54.93715 54.13495 55.00948 54.97049 54.85802 55.0555 54.97364 52.06233 47.25296 40.99216 37.46272 33.38768 31.29887 30.33286 28.25293 28.23254 27.55858 27.65192 25.75229 25.79782 25.02572 17.98896 30.74673 14.87283 15.10809 14.0948 14.0948 14.23725 14.98799 14.98845 15.02 15.02 15.02 15.02 15.02 15.02 15.02 15.69679 18.52254 18.52254 23.40156 23.40855 34.41066 30.92481 31.73747 37.57305 43.25518 45.54023 45.39304 45.39304 45.56333 48.14349 48.35765 50.08123
57.85358 52.93885 52.93885 63.30365 58.80632 54.92568 54.05721 47.81197 47.57996 49.02897 51.53342 52.98626 53.73212 53.68927 53.52446 53.92447 52.31921 44.2906 38.72885 42.89593 34.22149 30.90229 30.585 31.1388 29.73374 27.96497 26.43373 21.18644 21.18644 22.46042 21.18644 29.08034 20.69568 14.76169 14.66329 14.0948 14.19864 14.75027 14.97146 15.02 15.02 15.02 15.02 15.02 15.02 15.02 16.06066 28.45594 29.90562 33.19393 33.13346 36.90553 39.90317 38.5936 41.08161 43.95235 45.91613 46.91782 48.49007 51.12731 50.71361 51.53922 50.08875
57.99894 52.93885 55.44214 57.33891 57.60793 54.99038 51.91616 49.18412 45.92729 46.62619 48.95839 51.39158 52.38931 51.63735 51.92282 48.61357 48.22473 40.75374 37.45239 36.15296 36.63052 30.88111 28.98332 30.68664 27.86566 27.90407 28.7438 27.41646 21.18644 21.18644 21.18644 28.75447 25.44868 21.62698 14.72271 13.99729 14.14104 14.59207 14.88796 15.02 15.02 15.02 15.02 15.02 15.02 15.02 15.64729 19.01165 30.53755 31.10122 36.42154 37.60451 39.72598 41.05703 42.33692 42.46547 45.55892 46.62148 48.60994 48.34478 47.37817 47.07203 47.52548
60.10429 61.94168 52.93885 53.81682 56.35955 54.9388 48.35778 47.86535 45.52561 45.84668 47.36506 48.63141 51.93696 49.01137 49.56227 48.55605 45.68734 42.38528 38.9271 36.88652 37.75894 31.45822 27.78726 27.78726 27.78726 27.49019 21.18644 21.18644 24.21926 23.23864 21.18644 27.05563 27.931 20.37363 21.604 13.97707 13.73815 14.44416 14.81522 15.02 15.02 14.94796 15.02071 15.02 15.02 15.02 15.38556 17.60211 27.75361 27.75361 27.75361 30.87048 30.87048 33.44069 36.79231 41.17317 44.95754 46.21813 46.01777 48.43754 46.83006 46.83006 47.08962
66.1076 58.36033 50.36479 53.46948 55.24148 53.54692 47.80823 48.79633 45.57807 45.52561 46.41422 47.29078 48.7325 49.21307 45.76112 44.2356 40.82858 39.23153 38.02324 37.15058 38.85268 29.86699 32.46551 33.12651 30.40166 27.94647 27.884 27.47823 27.33712 24.63698 21.18644 26.49815 30.28557 23.33811 20.66346 14.23208 13.15401 13.47762 14.63625 15.02 15.00643 14.95007 14.67727 15.02 15.02 15.02 15.6381 16.67573 34.96931 41.12519 34.62838 35.18752 31.91329 39.60882 33.44069 36.25832 43.45998 43.45998 45.46052 46.83006 46.83006 51.91961 53.84849
